6194	255
6194	980
6194	2992
6194	2507
6194	986
6194	4003
0	82
15	343
15	4282
15	5442
15	1162
15	3401
7106	6211
7106	6611
7106	1348
7106	2239
2	5842
3	3363
3	1277
3	3739
3	6882
3	4947
3	5740
3	5550
4	4087
5	2481
5	5269
5	1
5	3401
6	6072
6	3996
6	448
6	1673
6	3079
6	436
6	2126
6	743
6	4115
6	6286
7	2787
7	1339
8	6926
9	3401
9	3756
9	1773
9	5945
9	5424
9	474
9	2872
9	2439
9	6121
9	2352
9	6168
9	3258
10	6269
11	4291
11	6536
11	2054
11	2677
12	5237
12	2176
13	4198
13	3322
13	6553
13	3418
13	1615
13	888
13	1654
13	4945
13	5630
13	5032
13	23
13	2339
6726	4949
14	615
14	2779
14	1089
14	3846
14	3815
14	2481
14	4302
14	3706
14	5470
14	4486
2811	3826
2811	1536
2811	1044
2811	1960
2811	4639
2811	5453
2811	4024
2811	231
2811	2922
2811	2381
1	954
1	6448
1	1376
1	660
1	2292
1	3532
1	1883
1	5468
1	6716
1	1132
1	4710
1	7051
1	3739
1	3180
1	3235
1	6343
1	5212
1	887
1	4406
1	3241
1	4319
1	259
1	3807
1	1390
1	1115
16	2444
16	5892
16	6315
16	6079
16	1752
104	4406
104	581
104	7069
104	6136
18	6136
18	4140
19	485
19	365
19	3731
19	4967
19	6682
19	2819
19	5146
19	5358
19	3325
20	559
20	4482
20	2156
20	7054
20	2580
20	6299
20	3704
21	745
21	1414
21	710
21	4960
21	4700
21	6554
21	1158
22	4543
22	1773
23	700
23	1016
23	5052
23	211
23	5556
23	737
23	4230
23	3845
23	5554
23	3847
23	2872
23	5973
23	3108
23	2428
23	2218
23	1567
23	219
23	5069
23	2275
23	2557
23	912
23	506
23	6553
23	6213
23	5451
23	6422
23	5338
23	4748
23	3237
23	2566
23	1846
23	2590
23	3243
23	2002
23	3462
23	932
23	30
23	6750
23	877
23	3052
23	3138
23	6121
23	5530
23	6459
23	2166
23	748
23	6941
23	6168
23	3621
23	2529
23	888
23	7119
23	2345
23	3997
23	4161
23	4115
23	1175
24	208
24	2625
24	100
24	2609
24	3278
24	3495
24	3166
24	453
24	1961
24	5337
24	3285
24	2381
24	446
24	3617
24	938
24	1836
24	3589
24	748
24	345
24	5396
24	5073
24	1625
24	3290
24	6808
24	2740
24	6121
24	1948
24	56
24	1576
24	2761
24	5100
24	5693
24	788
24	6357
24	1089
24	5842
24	26
24	3462
24	4191
24	2853
24	4098
24	5093
24	5758
24	4681
24	5969
24	372
24	2403
24	2186
24	2062
24	4866
24	1438
24	3320
24	4673
24	778
24	6812
24	2332
24	3991
24	5644
24	5899
24	4876
24	1869
24	3999
24	5163
24	4444
24	2314
24	2419
24	4239
24	1877
24	792
24	6950
24	5792
24	6716
24	6482
24	795
24	5906
24	6150
24	2887
24	2426
24	4129
24	1240
24	5446
24	5447
24	6260
24	2393
24	165
24	1600
24	1280
24	2506
24	5787
24	3484
24	807
24	5569
24	3691
24	4076
24	1998
24	4914
24	2447
24	1032
24	7021
24	5802
24	4582
24	6978
24	1376
24	5555
24	5489
24	2458
24	5416
24	2011
24	4796
24	6783
24	6588
24	4597
24	2845
24	1812
24	2924
24	3253
24	6404
24	2345
24	6202
24	1396
24	6138
24	1283
25	4816
26	5721
26	736
26	1214
26	3493
26	2779
26	5969
26	4732
26	3053
26	6659
26	4949
26	2381
26	5068
26	4079
26	3621
26	4623
26	1414
26	3288
26	3290
26	6121
26	792
26	2439
26	2061
26	788
26	1237
26	4721
26	6941
26	3991
26	4665
26	2180
26	2201
26	6716
26	4624
26	2403
26	2861
26	2864
26	6001
26	2972
26	2527
26	587
26	5315
26	890
26	683
26	5122
26	4196
26	2658
26	6352
26	56
26	392
26	2662
26	4124
26	4330
26	6669
26	2426
26	5842
26	5328
26	3557
26	408
26	275
26	2047
26	5033
26	2591
26	3458
26	1829
26	6980
26	4141
26	5138
26	3691
26	2106
26	2343
26	2904
26	3342
26	5802
26	1691
26	2451
26	6050
26	6387
26	2352
26	2466
26	3757
26	5393
26	2845
26	3739
26	4932
26	6368
26	3042
26	2805
26	5485
26	560
26	2928
26	6192
27	155
28	6734
28	1089
29	2447
29	372
29	2894
30	1059
30	2284
30	3275
30	5276
30	6412
30	6892
30	5882
30	211
30	932
30	1481
30	1328
30	2179
30	370
30	6821
30	5556
30	4152
30	3052
30	372
30	1701
30	6922
30	6121
30	4895
30	3065
30	6941
30	3520
30	607
30	5451
30	5569
30	458
30	2345
30	3290
30	367
30	4310
30	2566
30	3278
30	3219
31	1059
31	5148
6508	6835
6508	2887
32	2210
32	5224
32	1111
32	6315
32	2439
32	2586
32	2074
32	6410
32	5276
33	1990
33	2694
33	6114
34	2447
34	1542
34	5969
34	3118
34	2009
34	2803
34	2882
34	4315
34	5007
34	4913
34	4374
35	6224
35	2511
35	2006
35	4049
35	2737
35	5839
35	1352
35	6853
35	7040
35	3202
35	3371
35	6974
35	4798
6428	1883
6428	1103
6428	3936
6428	237
6428	2089
6428	5842
6428	5595
36	6664
36	2447
36	166
36	1142
36	567
36	5345
37	6776
37	1682
37	6136
37	4949
38	7069
38	1773
39	4333
39	742
39	6019
39	4444
40	3401
40	4016
40	2634
40	4140
41	3453
41	3886
41	6033
41	6526
41	5377
41	1205
41	5589
42	2128
42	6275
42	4621
42	1568
44	4178
44	401
44	4024
44	2586
44	948
45	301
46	4406
46	2740
46	581
46	6776
46	3401
46	4213
46	7069
46	6320
46	6136
47	1158
49	5304
49	538
49	1276
49	3731
49	6216
4696	2195
4696	3586
51	395
51	5151
52	4780
52	3422
52	5931
52	3642
52	6438
52	6563
53	1947
53	2107
53	4958
53	3192
53	2381
53	6489
53	5576
53	1960
53	790
1150	3401
1150	6136
1150	4418
55	7053
55	5349
55	3458
55	2246
55	3005
55	2697
55	5404
55	3970
55	4411
55	5621
55	4819
55	2281
55	6284
55	6770
56	248
56	5842
56	4016
56	1482
56	198
56	6918
56	4702
56	6368
56	1924
56	1869
56	4076
56	2777
58	581
58	3178
58	1402
58	3017
58	1773
58	2792
58	6064
58	2352
58	2201
58	2466
58	1082
58	5448
59	6656
59	5976
59	1116
60	1684
60	507
60	6546
60	6280
61	2162
61	1657
61	6782
61	1472
61	2626
62	4555
62	6944
62	4949
62	425
63	5995
63	5965
64	2732
64	5842
64	4949
64	2201
65	2049
65	2023
65	792
65	2781
65	1481
65	1958
65	6955
65	5122
65	3612
65	577
65	5674
65	3320
65	3435
65	2081
65	4987
65	4816
65	6731
65	3412
65	3042
65	3691
65	6755
65	1846
66	1103
66	3401
67	6469
67	5512
69	1063
69	3465
69	3716
69	946
69	710
70	404
70	5045
70	5897
3503	4087
3504	6820
3504	1414
73	2310
73	2284
73	6565
73	4556
73	4940
73	1429
73	4244
73	2808
73	3104
73	859
73	4977
73	4580
73	4789
73	3231
73	3432
73	2360
73	2535
73	7081
73	4872
73	5890
73	4545
73	5351
73	4288
73	6305
73	3410
73	631
73	1009
74	4798
74	4796
74	1104
74	4916
75	2026
75	2732
75	6352
75	6059
75	1846
75	2440
75	5186
75	6178
75	5367
75	1407
75	2117
75	3852
75	3691
75	6137
75	6755
75	4863
75	2928
75	1520
76	596
76	2625
77	2732
77	3048
77	3272
77	3209
77	5566
78	3497
78	1329
78	6403
78	4181
79	3831
80	6367
80	6550
80	1674
80	4741
80	6597
80	5194
80	5886
80	2965
80	6025
80	1037
80	5765
80	2184
80	5047
80	2890
80	6548
80	1544
80	2339
81	2983
81	4198
81	3375
81	4121
81	1850
81	4700
81	1126
81	3864
81	1925
81	2845
81	1283
81	354
81	3270
81	1859
81	5624
81	4131
81	4190
82	5354
82	1484
83	4406
83	2834
83	5810
83	885
83	4071
83	1679
84	2481
84	4140
85	4963
85	881
85	5446
85	6242
85	417
85	314
85	3728
85	3867
85	399
85	5456
85	3269
85	4143
86	1046
86	6147
86	2345
86	2068
86	1177
86	6108
86	2250
86	2817
87	1773
88	4347
88	1924
88	5842
88	5269
88	5428
88	3925
89	4301
89	4213
89	5842
89	3936
89	640
90	4016
90	681
91	4621
91	5007
91	5269
91	710
91	573
91	824
91	3781
91	4700
91	737
91	4374
92	830
93	4383
93	4607
93	2613
93	1508
93	5051
93	2724
93	1512
93	1291
93	1936
93	6514
93	5974
93	6032
93	1408
93	3855
93	3285
93	2381
93	2732
93	3807
93	4742
93	3401
93	5738
93	2967
93	4840
93	6668
93	3405
93	3651
93	1947
93	975
93	6387
93	977
93	2439
93	4310
93	4414
93	4524
93	579
93	6915
93	2049
93	981
93	4639
93	1426
93	438
93	466
93	3083
93	5524
93	4730
93	1537
93	6931
93	246
93	7007
93	4202
93	3740
93	2524
93	477
93	5768
93	2722
93	144
93	776
93	999
93	480
93	5771
93	2768
93	1773
93	6685
93	3214
93	239
93	5542
93	2235
93	4442
93	3621
93	3440
93	7046
93	3998
93	1656
93	2026
93	596
93	1720
93	387
93	6477
93	2882
93	1165
93	529
93	4223
93	6481
93	794
93	1664
93	4988
93	4227
93	6359
93	6027
93	5556
93	3027
93	2088
93	1129
93	4014
93	2219
93	5224
93	6437
93	1461
93	5470
93	4686
93	4784
93	4786
93	1055
93	6320
93	2898
93	5138
93	4949
93	1143
93	4233
93	6662
93	5686
93	1472
93	3084
93	5142
93	4698
93	4016
93	4582
93	2195
93	2004
93	3581
93	3925
93	4702
93	3883
93	2117
93	94
93	1980
93	2460
93	5775
93	6077
93	6547
93	3722
93	2464
93	5781
93	6166
93	6952
93	4709
93	6393
93	4595
93	4935
93	3143
93	3710
93	2074
93	4080
93	6400
93	1536
93	5685
93	3485
93	5710
93	3700
93	4161
93	3915
93	2469
93	3269
93	99
94	4004
94	5842
94	1229
94	792
94	5945
94	5833
94	3760
94	4124
94	6077
94	5949
94	3285
94	1804
94	2447
94	3902
94	5670
94	4374
94	3458
94	1773
94	917
94	4681
94	4191
94	2810
94	2364
95	763
95	5738
95	1382
95	2439
95	4949
96	899
96	336
96	2865
96	5024
96	5255
96	4087
96	5007
97	4112
97	451
97	4382
97	4820
98	1086
98	3097
99	3902
99	3373
99	3285
99	6419
99	1229
99	2321
99	6077
99	1773
99	5945
100	581
100	1598
100	6867
100	198
100	6962
100	5312
100	3744
100	2784
100	1924
100	5872
100	6071
100	5725
100	4365
100	1844
100	6556
101	2849
101	5398
102	7068
102	3681
102	4931
17	2304
17	3456
17	237
17	2340
17	5476
17	2114
105	3863
105	781
105	3613
105	5945
105	1773
106	1274
106	1169
106	1031
106	2476
106	5047
106	4006
106	5301
106	4816
107	341
107	4210
107	6961
107	1515
108	4639
109	1492
110	6855
111	4497
111	6254
112	1472
112	2392
112	4053
112	3756
112	3925
112	2696
112	4305
112	150
112	5354
112	5214
112	6103
112	6853
112	6223
113	4032
113	261
113	4950
113	5589
113	2054
113	1781
113	338
113	527
113	4479
113	2731
113	2553
113	4585
113	166
113	449
113	4290
113	4744
113	6991
113	4717
113	7055
113	2254
113	4874
113	2503
113	410
113	6045
113	4695
114	3126
114	751
114	1129
114	6136
114	6758
115	3784
116	5030
116	3413
117	7105
118	4392
119	1059
119	3886
119	2781
119	1773
119	5502
120	5404
120	792
120	3388
120	4009
120	1094
120	6258
120	3508
120	5446
120	2403
120	3614
120	4299
120	6482
120	1164
120	2972
120	5955
120	2529
120	1002
120	3762
120	1278
120	5569
120	6676
120	560
121	6741
121	2273
121	6140
121	5033
121	4313
121	1608
121	4871
121	5241
121	3927
121	6886
121	5509
121	215
121	875
121	6618
121	3168
121	6488
121	6464
121	431
121	3721
122	6047
122	3706
122	6852
122	1055
122	4625
122	1100
123	4775
123	1630
124	6077
124	1229
124	5852
124	1376
124	6213
124	532
124	1773
124	1046
124	494
124	1813
124	4691
124	5945
124	4651
124	4191
124	411
124	4076
125	3862
125	5393
125	5642
126	5183
126	3564
126	6649
126	6716
127	2447
127	4937
127	581
127	3703
127	2944
127	3835
127	2736
127	6606
127	2732
127	5346
127	2352
127	1312
127	4979
127	4933
127	4240
127	7105
127	1059
128	4406
128	2740
128	1010
128	1354
128	5379
128	4799
129	1473
129	793
130	1529
130	1141
130	3237
130	2794
130	4080
130	759
130	3706
130	6468
130	342
131	4100
131	4352
131	581
131	2586
4710	2732
4710	2779
4710	2997
4710	4639
4710	3401
4710	6429
4710	466
4710	493
4710	4462
4710	2832
4710	5453
4710	1924
4710	2586
4710	5269
4710	5428
4710	6942
4710	4591
4710	2444
4710	4949
4710	2330
133	6753
133	3275
133	3577
133	6405
133	4445
133	5576
133	859
133	2680
133	737
133	5969
133	1208
133	988
133	5648
133	6982
133	6074
133	6214
133	1644
133	4337
133	4092
133	1965
133	448
133	3231
133	4833
133	4722
133	5590
133	2158
133	2251
133	142
133	6730
133	1682
133	2345
133	5577
133	430
133	6968
133	5085
133	4632
133	1318
134	6810
134	5880
134	2928
134	1407
134	2960
134	3177
134	2061
134	1591
134	2106
134	351
135	4634
135	4641
135	3867
135	4910
135	6059
135	399
135	1667
6027	3902
6027	4788
6027	1773
136	4886
136	4104
137	4406
137	1294
137	195
137	1083
137	1503
137	3841
137	6136
138	5354
138	5248
138	1883
138	4314
138	6844
138	1442
138	3577
139	3453
139	987
140	186
140	5842
140	3770
3498	6090
3498	3692
3498	4444
3498	4312
3498	6947
3498	5243
3498	3401
3498	6706
3498	3757
3498	3840
3498	4557
3498	321
3498	2179
3498	2845
3498	1448
3498	1950
3498	4213
3498	3518
3498	2466
3498	645
141	2007
141	6731
141	5768
141	2845
141	792
141	6716
141	2381
142	7006
142	3892
142	6026
142	4272
142	2632
142	3960
142	1723
142	6750
142	2218
142	5065
142	5449
142	5205
142	1103
142	3401
142	2260
142	2588
142	6395
142	4140
142	5338
142	4141
142	1334
142	6770
143	4196
143	1951
143	2248
143	1869
143	1789
143	5842
143	6871
143	490
144	3063
144	3381
144	5581
144	2003
144	6021
144	4750
144	2847
144	4397
144	6897
145	2506
145	3268
145	3285
145	3706
145	1773
145	2093
5911	3577
5911	5857
5911	749
5911	3725
5911	419
5911	2832
5911	6115
5911	2087
5911	4348
5911	1486
5911	7045
5911	4266
5911	3342
5911	4949
147	1400
147	2447
147	6569
147	1553
147	792
147	4164
147	2148
147	3200
147	4219
147	1699
147	4561
147	1472
147	6360
147	2944
147	2426
147	4682
147	191
147	2379
147	6556
147	4949
147	7023
147	2732
147	3209
147	3932
147	779
147	3349
147	3212
147	4346
147	6205
147	486
147	314
147	5870
147	48
147	5315
147	4087
147	2439
147	946
147	5850
147	3240
147	6001
147	5422
147	6643
147	5409
148	4554
149	5247
149	166
149	3401
149	4597
149	6225
149	4404
149	4033
149	4409
150	4793
150	6651
150	1401
150	4569
150	3850
150	4555
150	1830
150	2344
150	495
150	1116
150	6948
150	1726
150	748
150	4814
150	2721
150	3182
150	2265
150	6549
150	5338
150	2564
150	5571
150	5264
150	656
150	6026
150	5937
150	7081
150	3197
150	5174
150	6756
150	2840
150	5619
150	1753
150	4373
150	5894
150	1543
150	3377
150	2081
150	2410
150	2195
150	945
150	3827
150	1039
150	2016
150	5848
150	1930
926	4457
926	4957
926	6075
926	3725
926	2197
926	4894
926	739
928	1163
928	4417
928	1103
928	3867
153	581
153	5269
153	6019
153	451
153	2332
153	2989
153	7112
153	4949
153	2439
153	2845
153	4363
153	6245
153	498
153	5046
153	6244
153	4076
153	2466
153	1283
153	6917
154	587
154	2447
154	2732
154	5842
154	6136
154	2781
154	3841
154	4949
154	668
155	1773
156	6346
157	1414
157	5293
157	178
157	4949
1167	204
1167	6370
1167	5842
160	4196
160	581
160	2866
160	6828
160	778
160	6962
160	4748
160	2160
160	3005
160	1924
160	1869
160	6750
160	6530
160	6688
160	6300
160	4076
161	4196
161	1227
161	4198
161	872
161	5322
161	2543
161	1388
161	4544
161	5390
161	4087
161	1925
161	2181
161	6868
161	6244
161	2033
161	3189
161	6115
162	5764
162	511
163	1765
163	3694
163	4522
163	6821
163	5352
164	6281
164	2740
164	6136
165	6026
165	1010
165	2605
165	211
165	3389
165	3418
165	6334
165	6750
165	3692
165	5331
165	4436
165	6441
166	5276
166	5278
166	4386
166	5727
166	1436
166	6757
166	6209
166	3509
166	449
166	6045
166	6299
166	1306
166	2161
166	3815
166	3968
166	863
166	2634
166	2800
166	5301
166	2177
166	1322
166	5761
166	1145
166	4425
166	6689
166	4640
166	6693
166	6536
166	3093
166	6700
166	4434
166	485
166	4874
166	4876
166	5778
166	5318
166	5787
166	3551
166	1582
166	2213
166	2675
166	2677
166	1364
166	4561
166	507
166	6730
166	3568
166	3121
166	3123
166	4913
166	6740
166	3575
166	6723
166	4477
166	6745
166	2696
166	4321
166	4482
166	6766
166	935
166	5979
166	3137
166	4486
166	6665
166	6811
166	4053
166	4931
166	2254
166	5845
166	3600
166	5848
166	4062
166	2262
166	1503
166	3165
166	4508
166	3170
166	2270
166	4385
166	6318
166	5078
166	6786
166	3516
166	4521
166	3185
166	559
166	1734
166	4764
166	4524
166	3633
166	567
166	3545
166	1781
166	569
166	1431
166	6803
166	4100
166	2615
166	2762
166	5986
166	582
166	2300
166	3653
166	1262
166	7054
166	4109
166	1871
166	4113
166	3663
166	1811
166	2779
166	723
166	4509
166	4279
166	4125
166	5440
166	5441
166	5002
166	5916
166	4130
166	2085
166	6761
166	4585
166	5921
166	1053
166	1055
166	6845
166	176
166	1470
166	1900
166	5537
166	2340
166	1603
166	6382
166	1475
166	6862
166	186
166	4134
166	2806
166	3758
166	7000
166	1037
166	1668
166	5946
166	190
166	921
166	4154
166	5951
166	2357
166	2508
166	1495
166	2079
166	4756
166	6916
166	6886
166	2367
166	3313
166	3326
166	208
166	210
166	4615
166	6415
166	6796
166	4176
166	1349
166	664
166	6420
166	5064
166	5859
166	2932
166	5977
166	5500
166	650
166	5586
166	5016
166	3743
166	2387
166	1178
166	4193
166	3164
166	6913
166	68
166	1534
166	2852
166	5521
166	5525
166	2857
166	2858
166	5999
166	5654
166	1099
166	4448
166	1696
166	4380
166	1967
166	2871
166	6024
166	6463
166	6938
166	5935
166	1972
166	1552
166	685
166	261
166	4291
166	2883
166	3787
166	6383
166	5608
166	5541
166	2889
166	4660
166	2891
166	1133
166	4558
166	2731
166	3491
166	4689
166	5567
166	1991
166	2438
166	1992
166	1142
166	5570
166	1146
166	1147
166	3807
166	3357
166	4695
166	2446
166	2904
166	1152
166	914
166	2003
166	299
166	1813
166	3368
166	2009
166	4493
166	5149
166	309
166	1595
166	1482
166	4290
166	6991
166	4717
166	5157
166	6068
166	6996
166	1566
166	4265
166	5162
166	2481
166	5165
166	1607
166	694
166	6631
166	736
166	6540
166	335
166	6474
166	338
166	3852
166	1621
166	1193
166	3706
166	6553
166	5182
166	301
166	2503
166	2504
166	5117
166	2507
166	7036
166	1204
166	5184
166	5192
166	1639
166	5625
166	2054
166	2055
166	4307
166	1224
166	3425
166	373
166	6004
166	5125
166	2528
166	379
166	5641
166	7055
166	3888
166	6148
166	693
166	786
166	4064
166	1913
166	539
166	5650
166	5225
166	4950
166	6477
166	6144
166	1776
166	3894
166	4329
166	5234
166	7108
166	4781
166	4630
166	1235
166	2548
166	5663
166	2497
166	2997
166	1337
166	1675
166	5775
166	3910
166	6165
166	410
166	7090
166	4025
166	3011
166	6168
166	1544
166	4356
166	6937
166	6889
166	820
166	1694
166	2119
166	3930
166	2990
166	5881
166	1269
166	3034
166	4375
166	1709
166	990
166	3038
166	4816
166	4378
166	2591
166	7118
166	3696
166	7120
166	428
166	2140
167	4849
167	6337
167	968
168	3902
168	4274
168	1773
169	5402
169	672
169	4024
169	2323
170	2781
170	1138
171	2271
171	3688
171	1568
172	1774
172	3902
172	4274
172	4191
172	1883
172	4480
172	1773
2322	2732
2322	764
175	4904
175	1789
176	952
176	1083
176	4356
176	1229
176	6540
176	1625
176	6482
176	676
176	2548
176	2340
176	7104
176	219
176	3818
176	3111
176	831
176	2529
176	2506
176	3910
176	6773
176	2345
176	6700
176	5345
177	1059
177	3453
177	2799
177	4853
177	5411
177	4121
177	5349
177	6050
177	1882
177	6750
177	668
177	4809
177	6810
177	1643
177	6397
177	6345
177	5714
177	3005
177	726
177	553
177	1859
177	3075
178	4444
178	1247
178	2262
178	3164
178	900
178	1445
178	4250
178	3898
178	6365
178	2639
178	2713
178	6119
178	5007
178	919
178	6423
178	1946
178	2997
178	3401
178	1839
178	2451
178	4905
178	3744
178	5742
178	5401
178	6670
178	3627
178	6851
178	2684
178	2387
178	2883
178	3075
178	6440
178	5020
178	4720
178	5750
178	2001
178	5269
178	3192
178	361
178	3922
178	3717
178	3132
178	3440
178	6136
178	2177
178	4860
178	5480
178	3926
178	2009
178	6335
178	4366
178	5947
178	4707
178	6677
178	2186
178	2165
178	2188
178	5293
178	6125
178	6879
178	6025
178	530
178	431
178	3066
178	5713
178	5212
178	6815
178	4949
178	4573
178	1869
178	1170
178	1533
178	1038
178	6903
178	937
178	2308
178	146
178	5810
179	3902
179	4444
179	2997
179	2928
179	3401
179	1773
179	5945
180	2732
180	5179
180	1666
180	4994
180	3838
180	6007
180	5577
180	6399
180	3624
180	2935
180	1336
180	1924
180	570
180	4949
180	1723
180	3079
180	1876
180	5849
180	5387
180	6564
181	5768
181	5050
182	461
182	248
182	6357
182	3920
182	6785
182	4997
182	6582
182	1481
182	5303
182	3020
182	1536
182	4920
182	5124
182	877
182	2777
182	6605
182	4203
182	7075
182	2447
182	308
182	1104
182	5637
182	1046
182	197
182	971
182	5655
182	974
182	6463
182	6092
182	3175
182	579
182	6632
182	4949
182	2106
182	633
182	1547
182	4076
182	4281
182	1175
183	48
183	430
183	6467
183	1103
183	4114
184	5253
184	6074
184	2788
184	1580
184	441
184	454
184	5824
184	1108
184	4715
184	726
184	6358
184	1937
184	6485
184	1604
184	370
184	2270
185	2654
185	5842
185	3784
185	4568
185	1701
185	2158
185	2529
185	1773
185	3238
185	1725
185	4425
185	6716
185	5817
186	5986
186	5307
186	5072
186	1967
3527	2781
3527	6056
188	4888
189	1402
189	3806
189	736
189	5419
189	6702
189	5523
189	5027
189	2669
189	4213
189	6114
189	552
189	2466
190	6459
190	6621
190	2779
190	2750
190	1169
190	2832
190	3788
190	6025
190	3968
190	7123
190	5979
191	6059
191	3240
191	2781
191	1472
191	3760
191	2591
191	2517
191	239
191	5122
191	3209
191	5209
191	6643
192	2447
192	2779
192	3888
192	2439
192	4913
193	6925
193	1880
193	1773
194	2369
194	497
195	2732
195	1552
195	2740
195	4528
195	6280
195	6136
195	5389
195	2064
195	5402
195	1083
195	2700
195	4390
195	4949
196	5772
196	3169
196	2778
197	5485
197	4133
197	3960
197	3110
197	3578
197	5655
197	6186
197	6092
197	6785
197	1526
197	3175
197	2287
197	1031
197	2345
197	6582
197	6632
197	6103
197	3020
197	1214
197	5380
198	1891
198	5842
198	4256
198	3620
198	5397
198	2819
198	630
198	4665
198	4122
198	6702
198	4748
198	1783
198	963
198	5858
198	1399
198	3219
200	2732
200	4112
200	1103
200	3320
200	3739
200	2143
200	3939
200	6355
200	1721
200	4930
200	4347
200	4406
200	2740
200	6853
200	1812
200	5759
200	3638
200	6716
200	359
201	2098
201	5516
201	5866
201	1789
201	5577
201	330
201	2755
201	1785
201	5354
201	2728
201	2352
201	1615
201	5629
201	4833
201	342
201	5746
201	2654
201	5671
201	4743
201	675
201	3262
201	1701
201	831
201	2179
201	4187
201	6730
201	5338
201	3595
201	6405
201	1039
201	2529
201	2482
201	6135
201	6706
201	2168
202	6685
202	6273
202	4418
202	230
202	422
202	6974
203	4334
204	1329
204	4697
204	1851
204	3795
6355	5552
6355	5429
6355	4146
207	1808
207	6893
207	5761
207	6045
207	5228
208	2447
208	5786
208	5322
208	987
208	7043
208	3763
208	3136
208	6870
208	396
208	2466
208	4949
208	2732
208	3902
208	1072
208	6286
208	5393
208	1924
208	4347
208	4087
208	4577
209	1899
209	2799
210	5296
210	4016
210	2201
210	2481
210	3706
210	4913
210	1773
211	1717
211	5433
211	4597
211	3839
211	3278
211	1328
211	5554
211	2665
211	2872
211	5973
211	2887
211	2426
211	4282
211	6838
211	6870
211	3616
211	1890
211	2275
211	1002
211	304
211	1701
211	607
211	5451
211	5338
211	3237
211	5569
211	4196
211	5748
211	4310
211	2523
211	3520
211	1985
211	6821
211	3096
211	2002
211	3305
211	372
211	932
211	1481
211	3077
211	3691
211	2963
211	5059
211	3052
211	7104
211	2274
211	3740
211	4819
211	5100
211	4702
211	6941
211	6812
211	4987
211	367
211	3991
211	1812
211	2886
211	2345
211	6922
211	4439
211	2247
211	5122
212	5945
212	6077
212	2061
212	6807
212	1773
212	3285
213	4121
213	5576
213	2101
213	5434
6935	1011
6935	2858
6526	3042
6526	5754
6526	817
6526	5684
6526	885
6526	366
6526	367
6526	5912
6526	2963
6526	1205
6526	877
6526	6604
6526	1961
6526	6808
6526	1158
6526	5360
6526	6053
6526	2354
6526	1637
6526	3145
6526	4930
6526	6812
6526	5565
6526	5774
6526	4572
6526	1812
6526	233
6526	5569
6526	5874
6526	6853
6526	4775
6526	3269
214	1473
214	4668
214	3302
214	3205
214	5459
214	1351
214	3725
214	879
214	986
214	5350
214	5466
214	1858
214	4070
214	430
214	3087
214	2428
214	5619
214	5511
214	3418
214	2654
214	5921
214	5069
214	5362
214	5132
214	2014
214	3181
214	2081
214	2474
214	3967
214	4088
214	2690
214	2504
214	4212
214	3371
214	6615
214	6533
214	3412
215	6389
215	4769
216	2060
216	3733
216	5033
216	3586
217	4753
217	5768
217	665
217	5569
217	3920
217	238
217	2529
217	5442
217	2345
217	4191
217	5611
217	304
217	6206
218	394
218	1955
218	6174
219	2825
219	1659
219	1237
219	3815
219	2781
219	7021
219	841
219	5301
219	4479
219	2526
219	3731
219	5556
219	396
219	397
219	3173
219	5802
219	6931
219	3819
219	1591
219	3403
219	4328
219	5451
219	7055
219	7117
219	2683
219	227
219	1149
219	2744
220	5161
220	2107
220	4044
222	587
222	1044
223	549
223	6196
5929	2740
225	485
226	5389
226	2740
226	4444
226	1103
226	4016
226	3401
226	4700
226	6474
226	7069
226	6136
226	5269
227	1552
227	2201
228	4918
228	1773
229	3007
229	5945
229	1229
229	1773
229	3285
229	5690
230	3280
230	2202
230	406
231	3005
231	1317
231	1536
231	2044
231	1960
231	1673
231	5402
231	331
231	5301
231	4244
232	6530
232	1484
233	4196
233	5204
233	1103
233	4016
233	3401
233	4987
233	5040
233	1232
233	4602
233	247
233	4949
234	2026
234	3401
234	4043
235	1066
235	4762
236	5071
236	1600
236	2858
237	4004
237	1010
237	6197
237	858
237	4873
237	547
237	6921
237	4949
237	1110
237	6263
237	3479
237	6211
237	4071
237	1938
237	2740
237	4023
237	3867
237	2093
237	2506
237	3520
237	6016
237	4033
237	5802
237	414
237	2195
237	6177
237	1378
237	3022
237	372
237	5805
237	1753
237	4702
237	320
237	5996
237	3320
237	2870
237	4259
237	1941
237	1924
237	2304
237	6404
237	946
237	5112
237	5428
237	6922
237	811
238	1467
238	723
238	4844
238	6623
238	665
238	6122
238	3788
238	6206
238	6344
238	6773
239	5092
239	6931
239	4080
239	1334
239	3416
239	3452
239	4482
239	1143
239	3108
239	1480
239	4415
240	4196
240	2352
240	4039
240	2845
241	2633
242	4797
242	5835
242	2899
242	6168
242	1777
242	5057
243	4196
243	2444
243	3784
243	792
243	5312
243	752
243	700
243	6270
243	4508
243	2030
243	4934
243	2129
243	5569
243	4885
243	6533
243	423
243	2858
244	2825
244	3401
244	5842
244	4949
244	5616
245	1924
245	6776
245	3867
245	5810
245	5721
245	756
245	7069
245	6136
246	6424
246	2321
246	1773
247	5952
247	3850
247	5132
247	3643
247	1026
247	2913
247	2821
247	6738
248	4196
248	4572
248	4953
248	2894
248	479
248	2437
248	6399
248	2777
248	2545
3405	2732
3405	1883
249	6482
249	5015
249	2904
249	3400
249	448
249	6783
249	3192
249	5842
249	3901
250	5354
250	5999
250	3653
250	6683
250	1320
250	2435
251	4406
251	1414
251	6136
252	2447
252	3140
252	2439
252	2586
252	1789
252	1883
252	1408
252	6921
252	2909
253	275
253	2591
253	3420
253	5730
253	5474
253	5556
253	6948
253	4480
253	4718
253	1615
253	4916
254	6962
254	6136
255	990
255	863
255	2481
255	5498
255	4479
256	5982
257	4732
257	4825
257	488
257	1713
257	2270
257	4438
257	2667
257	6443
258	4556
258	5466
258	1010
258	5010
258	4057
258	877
258	6943
258	6716
258	6239
258	5387
258	5213
259	2732
259	596
259	6059
259	4887
259	4709
259	5367
259	945
259	5710
259	877
259	1883
259	5389
259	2168
259	5979
260	1229
260	5842
261	6303
261	6502
261	4950
261	4291
261	1349
261	5002
261	338
261	2731
261	4527
261	2254
261	449
261	1464
261	650
261	4290
261	3743
261	2503
261	410
261	2845
261	1146
261	6045
261	4695
261	2553
261	4032
261	6916
261	6723
261	3758
261	2054
261	4479
261	7000
261	5761
261	3815
261	527
261	1781
261	3123
261	7054
261	6991
261	4931
261	4493
261	4874
261	1601
261	4109
261	6631
261	2481
261	4744
4735	2763
263	2447
263	2919
263	4799
263	6918
263	2262
263	3925
263	4418
263	1388
263	3728
263	4087
263	5328
263	1472
264	4027
264	1773
264	5904
265	546
265	5338
265	5842
265	5909
265	7069
265	4076
266	3630
266	2781
1182	5389
268	2431
268	2545
268	1477
268	4070
268	57
268	4231
268	2295
268	4223
268	2153
268	6243
268	6903
269	2026
269	4029
269	4949
270	5328
270	2201
271	5400
272	3867
273	6632
273	5402
273	2304
273	1254
273	5161
274	2732
274	1407
274	4265
275	788
275	1265
275	4444
275	2179
275	3838
275	6136
275	4330
275	3996
275	6821
275	3586
275	1407
275	6808
275	667
275	4709
275	3650
275	3401
275	2332
275	4406
275	4319
275	2204
275	5569
275	5046
275	3270
275	1057
275	2928
4737	5829
4737	4893
4737	3949
4737	1647
4737	3258
4737	3653
5604	3435
5604	6352
277	4406
277	5724
277	6165
277	2636
278	1883
278	2233
278	4949
279	4791
279	5900
280	3864
280	2559
280	4949
280	5565
280	4396
281	3373
281	3268
281	1609
281	6120
281	1773
281	3285
282	4145
282	3231
282	4460
282	1429
282	631
283	692
283	1542
283	5241
283	5229
283	4723
283	638
283	5725
283	2529
284	3706
284	4016
6998	6969
6998	5612
6998	5890
6998	1678
6998	6624
285	368
285	5331
285	1831
3542	1536
3542	371
3542	838
3542	5823
3542	6022
3542	4794
3542	4056
287	300
287	6974
287	6136
288	3438
288	3258
288	4816
289	3470
289	6136
290	2447
290	4378
290	1103
290	733
290	6136
290	4406
290	3211
290	2180
290	545
290	4482
290	3706
290	2106
291	2562
291	581
291	5253
291	792
291	416
291	2186
291	3541
291	3651
291	1924
291	3392
291	370
291	5605
291	3801
291	2845
291	2466
291	2106
292	1883
292	3706
292	1792
292	717
292	1773
4741	485
4741	1292
4741	5879
4741	5240
4741	5345
4741	593
294	2646
294	1406
294	4016
294	1891
294	2213
294	4081
294	4242
294	1598
294	650
294	2130
296	5329
297	6775
298	5402
298	1295
298	2400
299	7054
299	6693
299	5659
300	2284
300	927
300	4795
300	4128
300	6239
300	5052
300	6075
300	1598
300	4406
300	3268
300	3915
300	1537
300	3050
300	2523
300	1200
300	5006
300	5215
301	2447
301	2719
301	6289
301	4374
301	1319
301	792
301	451
301	752
301	4913
301	3760
301	4087
301	6467
301	6165
301	5583
301	5360
301	4869
301	6168
301	3445
302	2879
302	5768
302	5842
302	4721
302	2388
302	2661
302	5530
302	7056
302	5538
302	5555
303	1059
303	4700
304	4196
304	4620
304	6917
304	2002
304	932
304	1598
304	1328
304	1002
304	5510
304	2345
304	5569
304	5433
304	5429
304	6868
5508	3759
5508	689
306	5239
306	5090
306	3839
306	5362
306	2738
306	1483
306	2333
306	5029
306	2586
306	430
306	4602
306	2654
306	3371
1848	342
1848	7088
1848	3706
1848	1773
1848	5945
1848	3889
1857	375
1857	2170
1857	7016
1857	3596
1857	1632
1857	4639
1857	1638
1857	7008
1857	2840
1857	4008
1857	6903
309	1969
309	4950
1872	868
1872	2197
1872	1773
312	1883
312	396
312	5006
314	2342
314	2732
314	6033
314	1532
314	3902
314	6666
314	4087
314	3728
314	1111
314	727
314	6359
314	6056
314	4143
315	5743
315	2602
315	6892
5493	1170
316	943
316	835
316	1620
316	5153
317	949
318	2732
318	4639
2352	324
2352	2930
2352	3838
2352	1402
2352	6221
2352	2832
2352	6415
2352	972
2352	6467
2352	3499
2352	3643
2352	3057
2352	1961
2352	5386
2352	4738
2352	4949
2352	2381
2352	744
2352	5390
2352	6782
2352	2946
2352	6094
2352	6215
2352	6322
2352	1702
2352	1310
2352	3628
2352	3237
2352	3747
2352	1846
2352	1985
2352	4630
2352	5842
2352	3524
2352	5191
2352	6111
2352	6114
2352	988
2352	5304
2352	5419
2352	3763
2352	5630
2352	877
2352	3982
2352	5969
2352	1214
2352	996
2352	4256
2352	4979
2352	6124
2352	326
2352	3650
2352	4538
2352	3774
2352	3653
2352	3846
2352	1336
2352	1762
2352	3991
2352	3886
2352	890
2352	5216
2352	3995
2352	1008
2352	6138
2352	5649
2352	1451
2352	1554
2352	792
2352	759
2352	5910
2352	1739
2352	4124
2352	4330
2352	1179
2352	2669
2352	4012
2352	1883
2352	2670
2352	799
2352	5934
2352	4143
2352	1965
2352	5352
2352	6605
2352	2894
2352	4801
2352	5315
2352	5133
2352	2225
2352	706
2352	5298
2352	310
2352	807
2352	2586
2352	5759
2352	4792
2352	3806
2352	809
2352	1915
2352	2106
2352	3847
2352	4240
2352	1691
2352	1257
2352	4242
2352	1059
2352	6098
2352	2088
2352	4234
2352	1483
2352	2439
2352	1486
2352	4921
2352	5949
2352	4155
2352	4374
2352	1268
2352	2919
2352	2815
2352	2845
2352	7115
2352	6187
2352	3826
2352	1601
2352	7053
2352	2805
2352	2597
2352	1173
2352	3181
2352	1399
320	4842
320	570
320	4620
320	5132
320	2506
320	2187
320	6716
320	6808
320	4501
320	1275
321	1645
321	5315
321	4547
321	879
321	2815
321	5312
321	4987
321	4863
321	4791
321	1983
321	6734
321	1846
322	6623
322	6832
322	3270
322	2599
322	6254
322	2823
322	6007
322	3624
322	4779
322	5387
323	3902
324	1946
324	3433
324	3835
324	4693
325	502
325	358
325	3097
325	1963
325	3401
326	6393
326	2779
326	3098
326	5502
326	2899
326	6664
326	4406
326	2064
326	3910
326	6180
326	3440
327	7057
327	4004
327	3713
327	3401
3548	4516
3548	5814
3548	6876
3548	4624
3548	3966
329	4016
330	4196
330	3275
330	6883
330	1119
330	5866
330	454
330	6145
330	2755
330	5353
330	4218
330	393
330	4833
330	3784
330	1688
330	4620
330	675
330	6501
330	1701
330	2529
330	859
330	6730
330	5338
330	3595
330	2107
330	6405
330	5614
330	5140
330	430
330	4602
330	5746
1955	2764
1955	1148
1955	1925
1955	6199
1955	6326
332	5812
332	6033
332	6778
333	4016
333	2466
334	6317
335	2524
335	3469
335	2423
335	653
335	3830
335	1684
335	2822
335	2922
336	3448
336	4639
336	5255
336	6055
336	2853
336	3713
6701	4071
6701	2729
6701	5288
6701	2201
337	6019
337	1399
338	5225
338	5412
338	1781
338	4174
338	2399
338	527
338	4479
338	2731
338	4486
338	449
338	1335
338	6991
338	5927
338	5240
338	4874
338	3910
338	2503
338	2481
338	4744
339	1529
339	5360
339	869
339	1717
339	4131
339	5814
339	1166
339	6344
339	2320
339	6465
339	3591
339	1467
339	3270
339	2586
339	6051
339	1899
339	665
339	6910
339	5877
340	6482
340	6237
340	1691
340	4945
340	7068
340	6022
341	360
341	5730
341	5296
341	4267
341	2989
341	1535
341	1855
341	5269
1993	2825
1993	4482
1993	4174
1993	2794
1993	2677
1993	5002
1993	7000
1993	2548
1993	650
1993	2481
1993	6272
343	6592
343	4121
343	973
343	974
343	6716
343	4732
343	6821
343	2186
343	4426
343	3616
343	1920
343	3401
343	426
343	3840
343	4404
343	1601
343	5268
343	6181
343	4928
343	3721
343	4090
344	2269
344	759
344	6284
344	5969
345	2793
345	1924
345	2096
345	5842
345	4151
345	5627
345	5888
345	3225
345	4377
2015	4508
2015	6286
2015	5362
2015	5132
2015	2014
2015	585
2015	5029
2015	3486
2015	2161
5949	744
5949	1974
5949	5786
5949	1044
5949	2439
5949	911
5949	1528
5949	5945
5949	1773
5949	5043
5949	5829
5949	3285
5949	4334
5949	4202
5949	807
5949	2466
5949	3258
5949	4808
348	2064
349	2732
349	4949
350	4196
350	1773
350	2213
351	4274
351	1869
351	4949
351	1604
351	6985
351	818
351	465
351	6087
351	1441
351	2472
352	793
352	5842
352	6485
352	4715
352	4620
352	1397
352	3624
352	3645
353	2732
353	7063
353	5786
353	1103
353	2215
353	3813
353	6190
353	4039
353	2096
353	1341
353	1085
353	372
354	1745
354	6147
354	2168
354	749
354	4813
354	2098
354	5665
354	2580
355	6136
355	5165
355	3401
356	4196
356	3847
356	4190
356	5146
356	5292
356	3047
356	2934
356	5291
356	1650
358	2026
358	2049
358	617
358	3520
358	2657
358	3824
358	3012
358	1303
358	4200
358	5417
358	1457
358	2383
358	6030
358	1082
358	800
358	2736
358	3031
358	3819
358	549
358	1267
358	5738
358	6246
358	5039
358	3175
358	1308
358	2798
358	5288
358	5825
358	3691
358	560
358	6755
358	5122
358	6944
358	5695
359	931
360	4963
360	6073
360	6357
360	6611
360	6883
360	1673
360	2632
360	2638
360	5550
360	3996
360	1515
360	1982
360	1487
360	6214
360	2732
360	6091
360	6921
360	3177
360	6007
360	2014
360	1026
360	1598
360	581
360	6212
360	6217
360	3079
360	1604
360	1397
361	5789
362	1883
362	5580
362	1924
362	6925
362	5835
362	1386
362	3953
362	3706
362	6491
362	2779
362	5522
363	5842
363	3022
363	1170
363	6719
363	3926
363	2883
363	6377
363	668
363	481
363	2386
363	4537
364	2785
364	3745
364	4652
364	1996
364	6627
364	4606
365	4725
365	2279
365	3731
365	2819
365	5358
365	3325
366	3453
366	6270
366	2543
366	5569
366	1205
366	2485
366	2129
366	5987
366	3840
366	4760
1198	4630
1198	3577
1198	3098
1198	4503
1198	5348
1198	792
1198	2162
1198	1456
1198	5758
1198	3855
1198	972
1198	5573
1198	6483
1198	6509
1198	6782
1198	2185
1198	7036
1198	5674
1198	4485
1198	2106
368	2026
368	2879
368	1507
368	5755
368	1120
368	5051
368	759
368	3165
368	3894
368	2422
368	972
368	1980
368	1981
368	1886
368	5014
368	3979
368	1303
368	4018
368	733
368	2895
368	3683
368	4461
368	6964
368	6847
368	2741
368	3867
368	3285
368	4027
368	2389
368	1088
368	563
368	1634
368	1089
368	5842
368	2803
368	2595
368	5067
368	5555
368	1891
368	2137
368	1214
368	3533
368	475
368	5530
368	579
368	626
368	6637
368	3868
368	3320
368	2464
368	6680
368	4323
368	2079
368	1165
368	6024
368	3443
368	1168
368	1675
368	4949
368	5561
368	2412
368	1006
368	4801
368	6359
368	7056
368	5164
368	2203
369	3867
370	5458
370	2838
370	792
370	4826
370	6023
370	4676
370	2087
370	1179
370	3302
370	5385
370	2218
370	4949
370	2606
370	1175
370	4282
370	2814
370	1524
370	1812
370	5333
370	4230
370	4087
370	1527
370	2845
370	6121
370	1310
370	6102
370	5138
370	2106
370	1902
370	4196
370	5842
370	6567
370	5191
370	6921
370	4098
370	5523
370	2962
370	5355
370	421
370	6716
370	2466
370	6576
370	5069
370	1103
370	5618
370	3762
370	1237
370	2128
370	2529
370	3991
370	6762
370	5509
370	4057
370	1546
370	5485
370	2137
370	5595
370	2247
370	1283
370	6192
5953	2026
5953	5010
5953	5146
5953	466
5953	5538
5953	4949
372	2719
372	2609
372	5728
372	5973
372	6480
372	7018
372	5349
372	6422
372	4949
372	1214
372	748
372	2385
372	739
372	2277
372	2740
372	560
372	2523
372	4628
372	4196
372	3752
372	6357
372	4853
372	5842
372	6165
372	4639
372	3635
372	1481
372	187
372	5303
372	2179
372	2641
372	877
372	5499
372	6808
372	5100
372	7043
372	1804
372	3432
372	3520
372	1966
372	1773
372	3656
372	1869
372	6922
372	1010
372	6141
372	901
372	494
372	2872
372	4659
372	2426
372	6605
372	1890
372	753
372	5333
372	506
372	806
372	2683
372	807
372	6733
372	920
372	5759
372	2345
372	3470
372	4799
372	5271
372	3110
372	6297
372	3607
372	5262
372	6870
372	2934
372	4591
372	5523
372	3819
372	6058
372	4256
372	783
372	832
372	4310
372	1812
372	3042
372	5046
372	5305
372	2247
372	3269
372	1175
373	485
373	4032
373	6991
373	1147
373	5537
373	685
373	4140
373	5234
373	3910
373	4109
373	6045
373	4130
373	6689
373	3663
373	4176
374	5516
374	5069
374	1104
374	726
374	4121
374	2098
374	5411
374	5725
374	3625
374	2336
374	3005
374	6345
374	2664
374	526
374	1882
374	4111
374	3830
374	4393
374	6440
374	6192
375	3902
375	1906
375	2087
375	2321
375	5337
375	4949
376	4347
377	5225
377	4843
377	2586
377	830
377	3047
377	3490
377	6223
377	2339
378	2825
378	5654
378	6168
378	2858
379	485
379	6136
379	2213
379	2481
379	410
379	5345
380	1059
380	2392
380	5394
380	2262
380	5540
380	1169
380	1483
380	2304
380	4201
380	4563
380	1818
380	4949
381	1481
382	206
383	1721
383	2049
383	5721
383	4314
383	3757
383	6136
383	7043
383	2740
383	6776
383	5825
383	5748
383	2061
383	3448
383	4949
383	6638
1203	1170
1203	6136
1203	4140
385	4634
385	5122
386	3673
386	5276
386	5810
386	4036
386	5813
386	2179
386	4949
386	3173
387	2732
387	5224
387	6244
387	6077
387	4191
387	7069
387	3401
387	2466
387	1773
388	581
388	3448
388	1924
388	3219
389	4274
389	1598
389	3401
390	2184
390	609
390	4643
390	3457
390	6413
391	4140
392	1924
392	1402
392	5556
392	6801
392	6440
392	4658
392	4076
4753	6116
4753	3153
4753	5866
4753	6708
4753	2529
395	6281
395	6861
395	6914
396	708
396	1529
396	4610
396	5186
396	4555
396	7043
396	1665
396	1991
396	2303
396	2490
396	3643
396	6870
396	1214
396	667
396	579
396	721
396	3962
396	5207
396	5538
396	3290
396	2740
396	2683
396	2495
396	2526
396	1961
396	811
397	3991
397	6357
397	966
397	6869
397	6493
397	2128
397	6921
397	739
398	3760
398	4202
398	2212
398	3706
399	3836
399	4887
399	5616
399	3839
399	5538
399	205
399	1290
399	2880
399	3728
399	7070
399	6118
399	1667
399	2270
399	1984
399	2732
399	2676
399	5979
399	5338
399	2385
399	3566
399	826
399	3117
399	6959
399	3867
399	4910
399	704
399	1995
399	1340
399	6376
399	4173
399	3096
399	6178
399	2576
399	3591
399	3842
399	5467
399	6556
399	2186
399	6756
399	775
399	3813
399	3047
399	6242
399	2769
399	1762
399	587
399	2591
399	5777
399	6059
399	4662
399	2440
399	1103
399	1821
399	5731
400	4406
400	6107
400	897
400	3379
400	5394
400	5079
400	639
400	6136
400	5049
401	3902
401	4472
401	4839
401	1773
401	2907
401	614
401	663
401	4178
401	4591
401	4841
401	3203
402	2825
402	3148
402	2975
402	4140
403	4317
403	6831
403	3595
403	4639
403	5629
403	5274
403	5338
403	2913
403	4337
403	1947
403	1773
404	563
404	6033
404	6816
404	6600
404	6015
406	510
406	1651
407	1259
3559	4494
3559	3268
3559	6575
409	2430
409	54
409	2793
409	1624
409	1076
409	3401
409	1989
409	6512
409	4863
409	3856
409	5269
410	2719
410	4032
410	5879
410	6916
410	2387
410	2262
410	5145
410	4479
410	5354
410	2009
410	4025
410	582
410	449
410	1986
410	1464
410	650
410	6991
410	507
410	5927
410	485
410	3910
410	2503
410	3185
410	5184
410	6148
410	2481
410	6045
410	4695
410	5935
6729	5523
411	5452
411	4282
411	5842
411	5577
411	1010
411	5852
411	2529
411	1576
411	2107
411	3731
411	5262
411	3808
412	2732
412	1897
412	4889
412	1773
412	6037
413	1454
413	5305
413	4122
414	547
414	1110
414	6016
414	1941
415	936
415	6974
415	1076
2367	485
2367	3902
2367	1980
2367	4016
2367	2481
2367	5428
2367	6136
2367	6897
6780	4406
6780	3936
6780	6899
6780	6151
6780	3650
6780	987
6704	2796
418	539
418	2808
418	6358
418	4094
418	1502
418	2130
418	1858
419	3342
419	3731
419	2832
419	3112
420	267
420	3981
421	4979
421	5674
421	1982
422	4004
422	3338
422	4949
422	3401
423	6858
423	2880
423	2887
423	689
423	5902
423	475
423	3759
423	2204
423	3278
424	6152
425	1461
425	4949
425	6419
426	485
426	4140
427	2306
427	6883
428	2064
428	1103
428	2899
428	1497
428	6990
428	5255
428	452
428	3925
428	4702
428	6019
428	1773
428	4949
428	1399
429	1591
429	1773
429	4191
430	4324
430	1119
430	1402
430	4308
430	6150
430	4218
430	1356
430	3900
430	4337
430	5746
430	5576
430	4620
430	4445
430	3621
430	5132
430	500
430	4464
430	859
430	6730
430	5338
430	4141
430	3688
430	1576
430	3295
430	2504
430	5759
430	3187
430	923
430	2166
430	1904
430	6884
430	812
430	2849
430	4097
430	3577
430	5411
430	6696
430	5823
430	4242
430	932
430	2114
430	933
430	2755
430	4480
430	526
430	1996
430	4760
430	3370
430	5511
430	6943
430	3210
430	4568
430	6239
430	2919
430	1334
430	5210
430	4833
430	5085
430	6465
430	675
430	4318
430	2107
430	2819
430	5569
430	3510
430	4602
430	6615
431	393
431	1103
431	4016
431	5104
431	1964
431	2098
431	1773
431	5366
431	4748
431	5138
431	526
431	6530
431	5293
431	6985
431	3097
5964	3706
5964	6136
5964	4329
433	4809
433	2799
433	900
433	1673
433	3348
433	454
433	6062
433	832
433	2738
433	4244
433	5888
433	2728
433	5228
433	4366
433	2812
433	6910
434	4748
434	3978
434	2214
434	6530
434	1414
434	4949
434	1990
435	4406
435	2740
435	581
435	5842
435	5269
435	4140
435	6136
435	5389
436	5478
436	4205
437	4983
438	1773
439	1533
440	2653
440	1564
440	1506
441	2825
441	4196
441	5292
441	607
441	2595
441	5941
441	934
441	6716
441	6955
441	6631
441	3643
441	5557
441	1359
441	4895
441	5674
441	2186
441	3453
441	3820
441	5709
441	6202
441	3240
441	3376
441	1846
441	1026
441	4328
441	1615
441	3482
441	7030
441	1924
441	667
441	2345
441	1428
441	4865
441	2533
441	3747
441	4439
441	2577
441	3273
441	2168
441	5817
5965	3363
5965	1924
5965	5836
5965	5995
5965	2781
5965	2671
5965	2651
442	2732
443	502
443	2882
444	6917
444	4927
445	6723
446	2674
446	4004
446	3059
446	5768
446	635
1214	2825
1214	5842
1214	1402
1214	1976
1214	5349
1214	3811
1214	1812
1214	6050
1214	5233
1214	494
1214	4930
1214	3731
1214	2201
1214	2119
1214	3819
1214	2096
1214	491
1214	4883
1214	4191
1214	6716
1214	1773
1214	5338
1214	3867
1214	1869
1214	4411
1214	7121
1214	5759
1214	875
1214	2107
448	4324
448	6026
448	2691
448	3520
448	2823
448	5349
448	4798
448	5300
448	1180
448	1650
448	4041
448	1058
448	6254
448	4201
448	5174
448	6059
448	6838
448	5811
448	6750
448	3210
448	1866
448	6070
448	6438
448	4190
448	859
448	728
448	5511
448	2595
448	5657
448	612
448	5906
448	1846
448	4920
449	4032
449	6916
449	4950
449	2054
449	4479
449	1261
449	5002
449	527
449	1781
449	2731
449	2553
449	7030
449	4290
449	650
449	6991
449	2254
449	4874
449	2503
449	1004
449	6045
450	552
451	3077
451	6782
451	1637
451	686
451	5364
451	2989
451	2309
451	3721
451	3586
451	5557
451	4028
451	1399
451	2876
451	6952
452	132
452	4390
452	4671
452	3347
452	2895
452	2003
452	737
452	2833
452	3594
452	972
452	4192
452	1027
452	3801
452	5639
452	1860
452	4389
452	576
452	6548
452	1844
452	4524
2729	1530
2729	3746
2371	5333
2371	1969
2371	2278
2371	6136
2371	1360
455	6852
456	6676
456	2781
456	3762
456	1639
456	4639
457	4709
457	6101
457	1103
457	6234
457	5857
457	3401
457	5408
457	5079
457	1472
457	6056
458	2602
458	932
458	1041
458	4597
458	2632
458	1807
458	3071
458	2572
458	5555
458	5315
458	1980
458	1882
458	2345
458	4693
458	3691
458	5902
458	5684
458	3290
458	6422
458	5100
459	4702
459	5612
459	832
459	4656
460	1801
460	6802
460	3383
460	1229
460	6774
460	1231
460	5945
460	1208
460	6623
460	5404
460	622
460	6254
460	5757
460	577
460	6434
460	2508
461	3373
461	5393
461	4935
461	5006
461	1082
462	1883
462	1773
463	4952
464	2740
464	1773
464	5033
465	4685
465	927
465	624
465	4242
465	1773
465	6270
465	5872
465	1545
465	4225
465	2504
465	1604
465	3440
465	654
465	818
465	1175
466	2026
466	579
466	5831
466	4016
466	2419
466	5379
466	542
466	6108
466	4555
466	6178
466	2808
466	5731
466	6254
466	2464
466	2217
466	4709
466	4949
466	4054
466	2732
466	3031
466	581
466	5010
466	2157
466	6345
466	1987
466	1163
466	3566
466	3990
466	3939
466	4087
466	4293
466	4959
466	894
466	4935
466	2513
466	1472
466	4582
466	6292
467	2244
468	640
468	4466
468	3233
468	6136
468	3902
469	7030
469	5515
469	5931
469	4159
469	5557
469	5172
469	6033
470	1924
470	6921
471	4918
472	1825
473	4406
473	581
473	4314
473	1924
473	6136
473	4076
475	2732
475	3031
475	1186
475	2605
475	4497
475	1414
475	1739
475	1924
475	6858
475	4910
475	3867
475	6475
475	4076
475	4863
475	4949
475	2586
476	2264
477	4863
478	3760
478	1169
478	5446
479	1946
479	4631
479	4738
479	2722
479	6295
479	2188
479	3314
479	4815
479	1835
480	2210
480	5435
480	5583
480	560
480	3802
480	665
481	2386
481	1170
482	3760
482	1700
483	6740
483	3285
483	1044
483	5860
483	2074
483	6799
483	1773
483	5945
483	5043
483	4347
483	5495
483	5829
483	1869
483	2201
483	5328
483	5448
483	3258
483	4198
484	4973
484	1515
484	1784
484	1604
484	3520
484	500
484	5888
485	2825
485	5775
485	4171
485	3165
485	6894
485	2376
485	2030
485	740
485	5654
485	5497
485	1364
485	5468
485	5498
485	6209
485	6299
485	5586
485	2161
485	6216
485	2503
485	5184
485	863
485	3518
485	1847
485	5633
485	2850
485	3633
485	1954
485	4756
485	3758
485	1781
485	3313
485	4329
485	4510
485	664
485	6689
485	6482
485	6928
485	1112
485	6700
485	4434
485	4109
485	1870
485	4113
485	6474
485	1349
485	6144
485	5420
485	2422
485	5234
485	4125
485	5002
485	2891
485	4800
485	4689
485	4140
485	2857
485	1992
485	1142
485	5192
485	1146
485	1147
485	5345
485	2874
485	6016
485	6382
485	1906
485	5500
485	1482
485	4482
485	2119
485	2009
485	2481
485	158
485	2831
485	2580
485	2877
485	4486
485	1495
485	1224
485	4550
485	4493
485	4265
485	6889
485	5162
485	6453
485	1913
485	2634
485	5979
486	7063
486	6931
486	2888
486	4913
6069	2645
487	3275
487	2894
487	3739
487	542
487	2316
487	2448
487	1306
487	1773
487	6434
487	6623
487	2664
487	2845
487	6254
487	6582
487	1506
488	4556
5986	502
5986	1063
5986	2779
5986	5979
5986	4374
5986	2262
5986	3756
5986	3377
5986	5982
5986	1482
5986	2845
5986	2586
5986	4201
5986	2101
5986	2213
489	2325
489	3590
489	454
489	1692
489	2316
489	4711
489	1990
489	3236
489	3864
489	5404
489	5931
489	3394
489	6782
489	5445
489	5446
489	5624
1190	3913
1190	6112
1190	6611
1190	1723
1217	5824
493	2779
493	4427
493	1120
493	5379
493	1557
493	4173
493	4555
493	640
493	1979
493	3281
493	5541
493	3676
493	174
493	4949
493	3345
493	5267
493	6510
493	5033
493	3117
493	5738
493	6019
493	3742
493	4085
493	1140
493	3746
493	3185
493	4098
493	1995
493	3125
493	4732
493	4634
493	6439
493	1089
493	4016
493	7095
493	5690
493	1911
493	6231
493	6591
493	3765
493	5467
493	2464
493	3088
493	2403
493	5561
493	2404
493	6482
493	3819
493	5475
493	587
493	6584
493	4262
493	3241
493	4878
493	6755
493	1930
493	6944
493	4884
6619	5840
6619	1869
6619	1137
6619	1039
6619	2283
6619	4253
6619	4793
494	4001
494	3110
494	900
494	5842
494	1486
494	2002
494	5722
494	5852
494	1481
494	1774
494	531
494	4853
494	2872
494	5628
494	2887
494	877
494	2641
494	6121
494	6917
494	4133
494	2125
494	3709
494	570
494	739
494	3076
494	1812
494	2924
494	3268
494	807
494	4628
494	5569
494	5825
494	5100
494	6168
494	4242
494	1283
494	1869
495	3831
495	6884
495	3653
496	1059
496	2439
497	2779
497	2369
498	6459
498	546
498	6033
498	4935
498	1332
498	6666
498	5396
498	2186
498	1911
498	794
498	6866
498	587
498	4910
498	4945
498	3561
498	2902
498	4949
499	1008
500	50
500	6883
500	5411
500	4445
500	542
500	5828
500	1604
500	7002
500	4602
500	787
500	3187
501	6525
501	3437
501	3285
501	1773
502	2447
502	5490
502	1402
502	2270
502	2820
502	3377
502	6481
502	1809
502	1072
502	319
502	1433
502	2580
502	6114
502	1173
502	5934
502	4060
503	2779
503	3401
504	5449
504	1924
504	3996
504	5428
505	1808
506	2825
506	4032
506	2744
506	792
506	1144
506	1956
506	5628
506	3930
506	877
506	786
506	7055
506	2845
506	5825
506	2872
506	4213
506	593
506	6168
506	6223
506	3243
506	1175
507	2825
507	2009
507	3404
507	2262
507	759
507	4386
507	2990
507	693
507	4734
507	4278
507	5064
507	4025
507	2814
507	1986
507	3415
507	6299
507	1083
507	7082
507	3743
507	2162
507	2744
507	2387
507	4708
507	5881
507	2634
507	4032
507	6916
507	6723
507	3633
507	3810
507	4970
507	3758
507	1781
507	6925
507	3815
507	3816
507	5469
507	1099
507	5263
507	6289
507	6811
507	7054
